{
  "configs": [
    {
      "contact_cutoff_angstrom": 6.5,
      "contact_map_f1": 0.095652,
      "cutoff_index": 0,
      "ensemble_contact_count": 821,
      "ensemble_predicted_count": 821,
      "internal_stability_score": 0.5858699020219033,
      "native_contact_precision": 0.08039,
      "native_contact_recall": 0.118068,
      "plateau_size": 0,
      "tail_fraction": 0.1,
      "tail_index": 0
    },
    {
      "contact_cutoff_angstrom": 7.0,
      "contact_map_f1": 0.09019,
      "cutoff_index": 1,
      "ensemble_contact_count": 705,
      "ensemble_predicted_count": 705,
      "internal_stability_score": 0.5859485805537004,
      "native_contact_precision": 0.080851,
      "native_contact_recall": 0.101968,
      "plateau_size": 0,
      "tail_fraction": 0.1,
      "tail_index": 0
    },
    {
      "contact_cutoff_angstrom": 7.5,
      "contact_map_f1": 0.095319,
      "cutoff_index": 2,
      "ensemble_contact_count": 616,
      "ensemble_predicted_count": 616,
      "internal_stability_score": 0.5867425934557048,
      "native_contact_precision": 0.090909,
      "native_contact_recall": 0.100179,
      "plateau_size": 0,
      "tail_fraction": 0.1,
      "tail_index": 0
    },
    {
      "contact_cutoff_angstrom": 6.5,
      "contact_map_f1": 0.115515,
      "cutoff_index": 0,
      "ensemble_contact_count": 1207,
      "ensemble_predicted_count": 1207,
      "internal_stability_score": 0.5849008771662371,
      "native_contact_precision": 0.084507,
      "native_contact_recall": 0.182469,
      "plateau_size": 0,
      "tail_fraction": 0.15,
      "tail_index": 1
    },
    {
      "contact_cutoff_angstrom": 7.0,
      "contact_map_f1": 0.113355,
      "cutoff_index": 1,
      "ensemble_contact_count": 976,
      "ensemble_predicted_count": 976,
      "internal_stability_score": 0.5890480301322184,
      "native_contact_precision": 0.089139,
      "native_contact_recall": 0.155635,
      "plateau_size": 0,
      "tail_fraction": 0.15,
      "tail_index": 1
    },
    {
      "contact_cutoff_angstrom": 7.5,
      "contact_map_f1": 0.081727,
      "cutoff_index": 2,
      "ensemble_contact_count": 738,
      "ensemble_predicted_count": 738,
      "internal_stability_score": 0.589923833247831,
      "native_contact_precision": 0.071816,
      "native_contact_recall": 0.094812,
      "plateau_size": 0,
      "tail_fraction": 0.15,
      "tail_index": 1
    },
    {
      "contact_cutoff_angstrom": 6.5,
      "contact_map_f1": 0.106155,
      "cutoff_index": 0,
      "ensemble_contact_count": 1212,
      "ensemble_predicted_count": 1212,
      "internal_stability_score": 0.5904898208054831,
      "native_contact_precision": 0.077558,
      "native_contact_recall": 0.168157,
      "plateau_size": 0,
      "tail_fraction": 0.2,
      "tail_index": 2
    },
    {
      "contact_cutoff_angstrom": 7.0,
      "contact_map_f1": 0.112019,
      "cutoff_index": 1,
      "ensemble_contact_count": 1155,
      "ensemble_predicted_count": 1155,
      "internal_stability_score": 0.5903240915148288,
      "native_contact_precision": 0.083117,
      "native_contact_recall": 0.171735,
      "plateau_size": 0,
      "tail_fraction": 0.2,
      "tail_index": 2
    },
    {
      "contact_cutoff_angstrom": 7.5,
      "contact_map_f1": 0.092579,
      "cutoff_index": 2,
      "ensemble_contact_count": 802,
      "ensemble_predicted_count": 802,
      "internal_stability_score": 0.594684884553225,
      "native_contact_precision": 0.078554,
      "native_contact_recall": 0.112701,
      "plateau_size": 0,
      "tail_fraction": 0.2,
      "tail_index": 2
    },
    {
      "contact_cutoff_angstrom": 6.5,
      "contact_map_f1": 0.114478,
      "cutoff_index": 0,
      "ensemble_contact_count": 1223,
      "ensemble_predicted_count": 1223,
      "internal_stability_score": 0.5800700403885101,
      "native_contact_precision": 0.083401,
      "native_contact_recall": 0.182469,
      "plateau_size": 0,
      "tail_fraction": 0.3,
      "tail_index": 3
    },
    {
      "contact_cutoff_angstrom": 7.0,
      "contact_map_f1": 0.139928,
      "cutoff_index": 1,
      "ensemble_contact_count": 1099,
      "ensemble_predicted_count": 1099,
      "internal_stability_score": 0.585481364339456,
      "native_contact_precision": 0.105551,
      "native_contact_recall": 0.207513,
      "plateau_size": 0,
      "tail_fraction": 0.3,
      "tail_index": 3
    },
    {
      "contact_cutoff_angstrom": 7.5,
      "contact_map_f1": 0.126715,
      "cutoff_index": 2,
      "ensemble_contact_count": 972,
      "ensemble_predicted_count": 972,
      "internal_stability_score": 0.5947812298351884,
      "native_contact_precision": 0.099794,
      "native_contact_recall": 0.173524,
      "plateau_size": 0,
      "tail_fraction": 0.3,
      "tail_index": 3
    }
  ],
  "plateau_rank_diagnostics": {
    "basin_membership_stability": 1.0,
    "collapse_association": 0.0,
    "control_gap_support": 1.0,
    "cutoff_sensitivity": 0.5228953356619767,
    "extinction": {
      "is_extinct": false,
      "reason": null,
      "subtype": null
    },
    "failure_hint": "no_plateau_found",
    "profile_core_sizes": {
      "balanced": 71,
      "broad": 122,
      "strict": 27
    },
    "profiles": {
      "balanced": {
        "DCA_enrichment_vs_full": 6.852503912363067,
        "basin_membership_stability": 1.0,
        "collapse_association": 0.0,
        "control_gap_support": 1.0,
        "cutoff_sensitivity": 0.5228953356619767,
        "native_dashboard_long_range_recall": 0.108808,
        "native_dashboard_precision": 0.338028,
        "native_dashboard_recall": 0.042934,
        "overlap_matrix": [
          [
            1.0,
            0.5851851851851851,
            0.5285714285714286,
            0.40789473684210525,
            0.436241610738255,
            0.47586206896551725,
            0.3048780487804878,
            0.32098765432098764,
            0.4657534246575342,
            0.32919254658385094,
            0.296969696969697,
            0.38961038961038963
          ],
          [
            0.5851851851851851,
            1.0,
            0.6461538461538462,
            0.40789473684210525,
            0.4861111111111111,
            0.4965034965034965,
            0.296969696969697,
            0.32919254658385094,
            0.44594594594594594,
            0.3048780487804878,
            0.296969696969697,
            0.38961038961038963
          ],
          [
            0.5285714285714286,
            0.6461538461538462,
            1.0,
            0.40789473684210525,
            0.4557823129251701,
            0.5507246376811594,
            0.281437125748503,
            0.32098765432098764,
            0.4266666666666667,
            0.296969696969697,
            0.281437125748503,
            0.38064516129032255
          ],
          [
            0.40789473684210525,
            0.40789473684210525,
            0.40789473684210525,
            1.0,
            0.5177304964539007,
            0.539568345323741,
            0.436241610738255,
            0.5507246376811594,
            0.47586206896551725,
            0.47586206896551725,
            0.44594594594594594,
            0.5735294117647058
          ],
          [
            0.436241610738255,
            0.4861111111111111,
            0.4557823129251701,
            0.5177304964539007,
            1.0,
            0.5507246376811594,
            0.41721854304635764,
            0.5070422535211268,
            0.5285714285714286,
            0.41721854304635764,
            0.44594594594594594,
            0.5735294117647058
          ],
          [
            0.47586206896551725,
            0.4965034965034965,
            0.5507246376811594,
            0.539568345323741,
            0.5507246376811594,
            1.0,
            0.41721854304635764,
            0.436241610738255,
            0.6090225563909775,
            0.38961038961038963,
            0.3717948717948718,
            0.539568345323741
          ],
          [
            0.3048780487804878,
            0.296969696969697,
            0.281437125748503,
            0.436241610738255,
            0.41721854304635764,
            0.41721854304635764,
            1.0,
            0.47586206896551725,
            0.41721854304635764,
            0.47586206896551725,
            0.4266666666666667,
            0.5070422535211268
          ],
          [
            0.32098765432098764,
            0.32919254658385094,
            0.32098765432098764,
            0.5507246376811594,
            0.5070422535211268,
            0.436241610738255,
            0.47586206896551725,
            1.0,
            0.4557823129251701,
            0.4557823129251701,
            0.5285714285714286,
            0.5735294117647058
          ],
          [
            0.4657534246575342,
            0.44594594594594594,
            0.4266666666666667,
            0.47586206896551725,
            0.5285714285714286,
            0.6090225563909775,
            0.41721854304635764,
            0.4557823129251701,
            1.0,
            0.40789473684210525,
            0.39869281045751637,
            0.5507246376811594
          ],
          [
            0.32919254658385094,
            0.3048780487804878,
            0.296969696969697,
            0.47586206896551725,
            0.41721854304635764,
            0.38961038961038963,
            0.47586206896551725,
            0.4557823129251701,
            0.40789473684210525,
            1.0,
            0.47586206896551725,
            0.47586206896551725
          ],
          [
            0.296969696969697,
            0.296969696969697,
            0.281437125748503,
            0.44594594594594594,
            0.44594594594594594,
            0.3717948717948718,
            0.4266666666666667,
            0.5285714285714286,
            0.39869281045751637,
            0.47586206896551725,
            1.0,
            0.47586206896551725
          ],
          [
            0.38961038961038963,
            0.38961038961038963,
            0.38064516129032255,
            0.5735294117647058,
            0.5735294117647058,
            0.539568345323741,
            0.5070422535211268,
            0.5735294117647058,
            0.5507246376811594,
            0.47586206896551725,
            0.47586206896551725,
            1.0
          ]
        ],
        "rank_stability": 0.4449137659157363,
        "score_stability": 0.7056228774773657,
        "stable_core_DCA_fraction": 0.43661971830985913,
        "stable_core_collapse_score": 0.0,
        "stable_core_count": 71,
        "stable_core_pairs": [
          [
            1,
            4
          ],
          [
            1,
            5
          ],
          [
            1,
            6
          ],
          [
            1,
            26
          ],
          [
            1,
            81
          ],
          [
            1,
            83
          ],
          [
            1,
            103
          ],
          [
            1,
            106
          ],
          [
            3,
            6
          ],
          [
            3,
            8
          ],
          [
            3,
            11
          ],
          [
            3,
            81
          ],
          [
            3,
            82
          ],
          [
            3,
            83
          ],
          [
            3,
            103
          ],
          [
            3,
            105
          ],
          [
            3,
            106
          ],
          [
            4,
            8
          ],
          [
            4,
            11
          ],
          [
            4,
            82
          ],
          [
            4,
            83
          ],
          [
            4,
            105
          ],
          [
            4,
            106
          ],
          [
            4,
            107
          ],
          [
            5,
            8
          ],
          [
            5,
            11
          ],
          [
            5,
            82
          ],
          [
            5,
            83
          ],
          [
            5,
            103
          ],
          [
            5,
            105
          ],
          [
            5,
            106
          ],
          [
            5,
            107
          ],
          [
            6,
            11
          ],
          [
            6,
            107
          ],
          [
            6,
            109
          ],
          [
            8,
            11
          ],
          [
            8,
            83
          ],
          [
            11,
            111
          ],
          [
            17,
            20
          ],
          [
            20,
            24
          ],
          [
            73,
            105
          ],
          [
            81,
            109
          ],
          [
            83,
            111
          ],
          [
            83,
            121
          ],
          [
            83,
            127
          ],
          [
            86,
            120
          ],
          [
            86,
            132
          ],
          [
            90,
            120
          ],
          [
            93,
            117
          ],
          [
            93,
            121
          ],
          [
            93,
            127
          ],
          [
            95,
            121
          ],
          [
            95,
            125
          ],
          [
            95,
            127
          ],
          [
            96,
            120
          ],
          [
            98,
            126
          ],
          [
            98,
            136
          ],
          [
            99,
            127
          ],
          [
            103,
            127
          ],
          [
            103,
            135
          ],
          [
            103,
            137
          ],
          [
            104,
            136
          ],
          [
            147,
            172
          ],
          [
            147,
            184
          ],
          [
            148,
            179
          ],
          [
            148,
            181
          ],
          [
            151,
            184
          ],
          [
            153,
            178
          ],
          [
            153,
            182
          ],
          [
            156,
            185
          ],
          [
            159,
            184
          ]
        ],
        "stable_native_dashboard": {
          "contact_map_f1": 0.07619,
          "false_contact_rate": 0.661972,
          "long_range_contact_recall": 0.108808,
          "native_contact_precision": 0.338028,
          "native_contact_recall": 0.042934
        },
        "tail_sensitivity": 0.505799449055871,
        "top_k": 107,
        "topology_support": 1.0
      },
      "broad": {
        "DCA_enrichment_vs_full": 4.502504553734061,
        "basin_membership_stability": 1.0,
        "collapse_association": 0.0,
        "control_gap_support": 1.0,
        "cutoff_sensitivity": 0.5158773314110457,
        "native_dashboard_long_range_recall": 0.150259,
        "native_dashboard_precision": 0.278689,
        "native_dashboard_recall": 0.060823,
        "overlap_matrix": [
          [
            1.0,
            0.6461538461538462,
            0.6150943396226415,
            0.38064516129032255,
            0.47586206896551725,
            0.5910780669144982,
            0.3009118541033435,
            0.32919254658385094,
            0.4965034965034965,
            0.281437125748503,
            0.2930513595166163,
            0.3941368078175896
          ],
          [
            0.6461538461538462,
            1.0,
            0.671875,
            0.3630573248407643,
            0.5285714285714286,
            0.5735294117647058,
            0.3009118541033435,
            0.32919254658385094,
            0.5231316725978647,
            0.281437125748503,
            0.2930513595166163,
            0.38961038961038963
          ],
          [
            0.6150943396226415,
            0.671875,
            1.0,
            0.34169278996865204,
            0.44594594594594594,
            0.5851851851851851,
            0.25146198830409355,
            0.3009118541033435,
            0.5017543859649123,
            0.25146198830409355,
            0.26253687315634217,
            0.35873015873015873
          ],
          [
            0.38064516129032255,
            0.3630573248407643,
            0.34169278996865204,
            1.0,
            0.4266666666666667,
            0.431438127090301,
            0.41254125412541254,
            0.436241610738255,
            0.40327868852459015,
            0.41254125412541254,
            0.41254125412541254,
            0.4219269102990033
          ],
          [
            0.47586206896551725,
            0.5285714285714286,
            0.44594594594594594,
            0.4266666666666667,
            1.0,
            0.5507246376811594,
            0.3851132686084142,
            0.436241610738255,
            0.5340501792114696,
            0.3501577287066246,
            0.3630573248407643,
            0.4219269102990033
          ],
          [
            0.5910780669144982,
            0.5735294117647058,
            0.5851851851851851,
            0.431438127090301,
            0.5507246376811594,
            1.0,
            0.35443037974683544,
            0.3851132686084142,
            0.6212121212121212,
            0.3333333333333333,
            0.3333333333333333,
            0.431438127090301
          ],
          [
            0.3009118541033435,
            0.3009118541033435,
            0.25146198830409355,
            0.41254125412541254,
            0.3851132686084142,
            0.35443037974683544,
            1.0,
            0.4809688581314879,
            0.3717948717948718,
            0.41254125412541254,
            0.39869281045751637,
            0.3717948717948718
          ],
          [
            0.32919254658385094,
            0.32919254658385094,
            0.3009118541033435,
            0.436241610738255,
            0.436241610738255,
            0.3851132686084142,
            0.4809688581314879,
            1.0,
            0.40327868852459015,
            0.4219269102990033,
            0.4809688581314879,
            0.41721854304635764
          ],
          [
            0.4965034965034965,
            0.5231316725978647,
            0.5017543859649123,
            0.40327868852459015,
            0.5340501792114696,
            0.6212121212121212,
            0.3717948717948718,
            0.40327868852459015,
            1.0,
            0.3501577287066246,
            0.38961038961038963,
            0.5231316725978647
          ],
          [
            0.281437125748503,
            0.281437125748503,
            0.25146198830409355,
            0.41254125412541254,
            0.3501577287066246,
            0.3333333333333333,
            0.41254125412541254,
            0.4219269102990033,
            0.3501577287066246,
            1.0,
            0.4965034965034965,
            0.38961038961038963
          ],
          [
            0.2930513595166163,
            0.2930513595166163,
            0.26253687315634217,
            0.41254125412541254,
            0.3630573248407643,
            0.3333333333333333,
            0.39869281045751637,
            0.4809688581314879,
            0.38961038961038963,
            0.4965034965034965,
            1.0,
            0.45084745762711864
          ],
          [
            0.3941368078175896,
            0.38961038961038963,
            0.35873015873015873,
            0.4219269102990033,
            0.4219269102990033,
            0.431438127090301,
            0.3717948717948718,
            0.41721854304635764,
            0.5231316725978647,
            0.38961038961038963,
            0.45084745762711864,
            1.0
          ]
        ],
        "rank_stability": 0.4177950113073784,
        "score_stability": 0.7124607863417547,
        "stable_core_DCA_fraction": 0.28688524590163933,
        "stable_core_collapse_score": 0.0,
        "stable_core_count": 122,
        "stable_core_pairs": [
          [
            1,
            4
          ],
          [
            1,
            5
          ],
          [
            1,
            6
          ],
          [
            1,
            8
          ],
          [
            1,
            20
          ],
          [
            1,
            26
          ],
          [
            1,
            81
          ],
          [
            1,
            82
          ],
          [
            1,
            83
          ],
          [
            1,
            103
          ],
          [
            1,
            106
          ],
          [
            1,
            107
          ],
          [
            3,
            6
          ],
          [
            3,
            8
          ],
          [
            3,
            11
          ],
          [
            3,
            19
          ],
          [
            3,
            20
          ],
          [
            3,
            26
          ],
          [
            3,
            29
          ],
          [
            3,
            55
          ],
          [
            3,
            63
          ],
          [
            3,
            81
          ],
          [
            3,
            82
          ],
          [
            3,
            83
          ],
          [
            3,
            99
          ],
          [
            3,
            103
          ],
          [
            3,
            105
          ],
          [
            3,
            106
          ],
          [
            3,
            107
          ],
          [
            3,
            109
          ],
          [
            3,
            111
          ],
          [
            4,
            8
          ],
          [
            4,
            11
          ],
          [
            4,
            17
          ],
          [
            4,
            19
          ],
          [
            4,
            26
          ],
          [
            4,
            29
          ],
          [
            4,
            81
          ],
          [
            4,
            82
          ],
          [
            4,
            83
          ],
          [
            4,
            103
          ],
          [
            4,
            105
          ],
          [
            4,
            106
          ],
          [
            4,
            107
          ],
          [
            4,
            109
          ],
          [
            5,
            8
          ],
          [
            5,
            11
          ],
          [
            5,
            29
          ],
          [
            5,
            82
          ],
          [
            5,
            83
          ],
          [
            5,
            103
          ],
          [
            5,
            105
          ],
          [
            5,
            106
          ],
          [
            5,
            107
          ],
          [
            5,
            109
          ],
          [
            6,
            11
          ],
          [
            6,
            29
          ],
          [
            6,
            55
          ],
          [
            6,
            83
          ],
          [
            6,
            103
          ],
          [
            6,
            105
          ],
          [
            6,
            107
          ],
          [
            6,
            109
          ],
          [
            8,
            11
          ],
          [
            8,
            26
          ],
          [
            8,
            29
          ],
          [
            8,
            83
          ],
          [
            8,
            103
          ],
          [
            8,
            107
          ],
          [
            11,
            17
          ],
          [
            11,
            83
          ],
          [
            11,
            86
          ],
          [
            11,
            105
          ],
          [
            11,
            109
          ],
          [
            11,
            111
          ],
          [
            17,
            20
          ],
          [
            17,
            21
          ],
          [
            17,
            24
          ],
          [
            17,
            26
          ],
          [
            19,
            24
          ],
          [
            19,
            26
          ],
          [
            20,
            24
          ],
          [
            21,
            24
          ],
          [
            26,
            81
          ],
          [
            29,
            81
          ],
          [
            29,
            82
          ],
          [
            29,
            83
          ],
          [
            39,
            63
          ],
          [
            73,
            103
          ],
          [
            73,
            105
          ],
          [
            81,
            109
          ],
          [
            83,
            111
          ],
          [
            83,
            121
          ],
          [
            83,
            127
          ],
          [
            86,
            120
          ],
          [
            86,
            132
          ],
          [
            90,
            120
          ],
          [
            93,
            117
          ],
          [
            93,
            121
          ],
          [
            93,
            127
          ],
          [
            95,
            121
          ],
          [
            95,
            125
          ],
          [
            95,
            127
          ],
          [
            96,
            120
          ],
          [
            98,
            126
          ],
          [
            98,
            136
          ],
          [
            99,
            127
          ],
          [
            99,
            135
          ],
          [
            103,
            127
          ],
          [
            103,
            135
          ],
          [
            103,
            137
          ],
          [
            104,
            136
          ],
          [
            109,
            135
          ],
          [
            147,
            172
          ],
          [
            147,
            184
          ],
          [
            148,
            179
          ],
          [
            148,
            181
          ],
          [
            151,
            184
          ],
          [
            153,
            178
          ],
          [
            153,
            182
          ],
          [
            156,
            185
          ],
          [
            159,
            184
          ]
        ],
        "stable_native_dashboard": {
          "contact_map_f1": 0.099853,
          "false_contact_rate": 0.721311,
          "long_range_contact_recall": 0.150259,
          "native_contact_precision": 0.278689,
          "native_contact_recall": 0.060823
        },
        "tail_sensitivity": 0.4867820606641656,
        "top_k": 214,
        "topology_support": 1.0
      },
      "diagnostic": {
        "DCA_enrichment_vs_full": 1.0,
        "basin_membership_stability": 1.0,
        "collapse_association": 0.0,
        "control_gap_support": 1.0,
        "cutoff_sensitivity": 0.5021462477343408,
        "native_dashboard_long_range_recall": 0.207254,
        "native_dashboard_precision": 0.109735,
        "native_dashboard_recall": 0.110912,
        "overlap_matrix": [
          [
            1.0,
            0.59958071278826,
            0.5535135135135135,
            0.4132404181184669,
            0.4814509480626546,
            0.5299313052011776,
            0.35083056478405317,
            0.355281207133059,
            0.5013876040703052,
            0.3010821133036283,
            0.3232253618194349,
            0.3985959438377535
          ],
          [
            0.59958071278826,
            1.0,
            0.6658259773013872,
            0.3361285814116003,
            0.48761061946902656,
            0.5892070484581498,
            0.29878048780487804,
            0.3238434163701068,
            0.5377551020408163,
            0.2726072607260726,
            0.29504666188083273,
            0.391701244813278
          ],
          [
            0.5535135135135135,
            0.6658259773013872,
            1.0,
            0.31624548736462094,
            0.42780269058295967,
            0.5948174322732627,
            0.27921623512946114,
            0.2993396918561996,
            0.5280172413793104,
            0.2613168724279835,
            0.2760416666666667,
            0.3796698523023458
          ],
          [
            0.4132404181184669,
            0.3361285814116003,
            0.31624548736462094,
            1.0,
            0.4651006711409396,
            0.3716502115655853,
            0.4398809523809524,
            0.42203491872366045,
            0.38075601374570445,
            0.3830392714854866,
            0.3833233353329334,
            0.3834920634920635
          ],
          [
            0.4814509480626546,
            0.48761061946902656,
            0.42780269058295967,
            0.4651006711409396,
            1.0,
            0.5141342756183745,
            0.39185750636132316,
            0.4536152796725784,
            0.4816666666666667,
            0.35908529048207666,
            0.37690776376907764,
            0.4313005143277002
          ],
          [
            0.5299313052011776,
            0.5892070484581498,
            0.5948174322732627,
            0.3716502115655853,
            0.5141342756183745,
            1.0,
            0.3392857142857143,
            0.3599137931034483,
            0.5666327568667345,
            0.2901315789473684,
            0.31214285714285717,
            0.417910447761194
          ],
          [
            0.35083056478405317,
            0.29878048780487804,
            0.27921623512946114,
            0.4398809523809524,
            0.39185750636132316,
            0.3392857142857143,
            1.0,
            0.4943181818181818,
            0.373806275579809,
            0.38273708120386146,
            0.38217703349282295,
            0.39285714285714285
          ],
          [
            0.355281207133059,
            0.3238434163701068,
            0.2993396918561996,
            0.42203491872366045,
            0.4536152796725784,
            0.3599137931034483,
            0.4943181818181818,
            1.0,
            0.4212055192447349,
            0.3721869590305828,
            0.40348692403486924,
            0.42274247491638794
          ],
          [
            0.5013876040703052,
            0.5377551020408163,
            0.5280172413793104,
            0.38075601374570445,
            0.4816666666666667,
            0.5666327568667345,
            0.373806275579809,
            0.4212055192447349,
            1.0,
            0.3039278815196394,
            0.3425141242937853,
            0.47710241465445463
          ],
          [
            0.3010821133036283,
            0.2726072607260726,
            0.2613168724279835,
            0.3830392714854866,
            0.35908529048207666,
            0.2901315789473684,
            0.38273708120386146,
            0.3721869590305828,
            0.3039278815196394,
            1.0,
            0.4227941176470588,
            0.3650497512437811
          ],
          [
            0.3232253618194349,
            0.29504666188083273,
            0.2760416666666667,
            0.3833233353329334,
            0.37690776376907764,
            0.31214285714285717,
            0.38217703349282295,
            0.40348692403486924,
            0.3425141242937853,
            0.4227941176470588,
            1.0,
            0.4342105263157895
          ],
          [
            0.3985959438377535,
            0.391701244813278,
            0.3796698523023458,
            0.3834920634920635,
            0.4313005143277002,
            0.417910447761194,
            0.39285714285714285,
            0.42274247491638794,
            0.47710241465445463,
            0.3650497512437811,
            0.4342105263157895,
            1.0
          ]
        ],
        "rank_stability": 0.4073344174790394,
        "score_stability": 0.7095777438314077,
        "stable_core_DCA_fraction": 0.06371681415929203,
        "stable_core_collapse_score": 0.0,
        "stable_core_count": 565,
        "stable_core_pairs": [
          [
            1,
            4
          ],
          [
            1,
            5
          ],
          [
            1,
            6
          ],
          [
            1,
            8
          ],
          [
            1,
            11
          ],
          [
            1,
            17
          ],
          [
            1,
            19
          ],
          [
            1,
            20
          ],
          [
            1,
            21
          ],
          [
            1,
            24
          ],
          [
            1,
            26
          ],
          [
            1,
            29
          ],
          [
            1,
            35
          ],
          [
            1,
            37
          ],
          [
            1,
            39
          ],
          [
            1,
            49
          ],
          [
            1,
            52
          ],
          [
            1,
            53
          ],
          [
            1,
            55
          ],
          [
            1,
            58
          ],
          [
            1,
            59
          ],
          [
            1,
            63
          ],
          [
            1,
            64
          ],
          [
            1,
            68
          ],
          [
            1,
            72
          ],
          [
            1,
            73
          ],
          [
            1,
            81
          ],
          [
            1,
            82
          ],
          [
            1,
            83
          ],
          [
            1,
            86
          ],
          [
            1,
            90
          ],
          [
            1,
            93
          ],
          [
            1,
            95
          ],
          [
            1,
            99
          ],
          [
            1,
            101
          ],
          [
            1,
            103
          ],
          [
            1,
            105
          ],
          [
            1,
            106
          ],
          [
            1,
            107
          ],
          [
            1,
            109
          ],
          [
            1,
            111
          ],
          [
            1,
            115
          ],
          [
            1,
            116
          ],
          [
            1,
            117
          ],
          [
            1,
            121
          ],
          [
            1,
            132
          ],
          [
            1,
            193
          ],
          [
            1,
            194
          ],
          [
            3,
            6
          ],
          [
            3,
            8
          ],
          [
            3,
            11
          ],
          [
            3,
            17
          ],
          [
            3,
            19
          ],
          [
            3,
            20
          ],
          [
            3,
            21
          ],
          [
            3,
            24
          ],
          [
            3,
            26
          ],
          [
            3,
            29
          ],
          [
            3,
            34
          ],
          [
            3,
            35
          ],
          [
            3,
            37
          ],
          [
            3,
            39
          ],
          [
            3,
            45
          ],
          [
            3,
            49
          ],
          [
            3,
            52
          ],
          [
            3,
            53
          ],
          [
            3,
            55
          ],
          [
            3,
            58
          ],
          [
            3,
            63
          ],
          [
            3,
            64
          ],
          [
            3,
            65
          ],
          [
            3,
            72
          ],
          [
            3,
            73
          ],
          [
            3,
            81
          ],
          [
            3,
            82
          ],
          [
            3,
            83
          ],
          [
            3,
            86
          ],
          [
            3,
            90
          ],
          [
            3,
            93
          ],
          [
            3,
            95
          ],
          [
            3,
            96
          ],
          [
            3,
            99
          ],
          [
            3,
            101
          ],
          [
            3,
            103
          ],
          [
            3,
            105
          ],
          [
            3,
            106
          ],
          [
            3,
            107
          ],
          [
            3,
            109
          ],
          [
            3,
            111
          ],
          [
            3,
            115
          ],
          [
            3,
            132
          ],
          [
            3,
            196
          ],
          [
            4,
            8
          ],
          [
            4,
            11
          ],
          [
            4,
            17
          ],
          [
            4,
            19
          ],
          [
            4,
            20
          ],
          [
            4,
            21
          ],
          [
            4,
            26
          ],
          [
            4,
            29
          ],
          [
            4,
            35
          ],
          [
            4,
            37
          ],
          [
            4,
            45
          ],
          [
            4,
            49
          ],
          [
            4,
            52
          ],
          [
            4,
            53
          ],
          [
            4,
            55
          ],
          [
            4,
            58
          ],
          [
            4,
            59
          ],
          [
            4,
            63
          ],
          [
            4,
            64
          ],
          [
            4,
            65
          ],
          [
            4,
            66
          ],
          [
            4,
            67
          ],
          [
            4,
            72
          ],
          [
            4,
            73
          ],
          [
            4,
            81
          ],
          [
            4,
            82
          ],
          [
            4,
            83
          ],
          [
            4,
            86
          ],
          [
            4,
            90
          ],
          [
            4,
            93
          ],
          [
            4,
            95
          ],
          [
            4,
            96
          ],
          [
            4,
            99
